//이름 전화번호 비밀번호 포인트
서팔광 01017634965 3645 4154
황지필 01063458126 6512 9856
김일제 01056123465 3154 6521
곽마권 01064136451 3641 2315
마풍강 01046153236 0238 9855
김덕협 01013256464 6354 14000
유덕창 01018453223 0326 2315
손필견 01032178654 6415 9841
오신평 01094251156 6870 31454
구동범 01061458715 9031 4465
황필조 01034516450 7032 8645
우극창 01064135816 7031 1230
김인식 01013256412 7523 9412
서윤기 01084711350 1065 1724
박주원 01056134398 3680 7845
한상순 01034510123 4563 0173
김채규 01065841415 6410 2645
김소양 01035412354 6014 1204
이호대 01054130301 0123 15304
이호 01041350354 4719 5560
배명진 01043156413 6355 1354
김인화 01051153415 6540 8941
김운아 01041353451 1301 2135
이기무 01041350234 9846 8904
송세경 01043524112 1006 10200
박샛별 01064783015 4896 4081
박윤해 01023164154 1356 3041
강서은 01064351830 8761 7015
류소영 01041350351 1307 4827